0 1 2 3 5 6
0 1 2 4 5 6
0 1 6 
x
7 8
7 9 10 12 13 7 8
7 9 11 12 13 7 8

--------------
0 1 2 3 5 6 7 8
0 1 2 4 5 6 7 8
0 1 6 7 8
0 1 2 3 5 6 7 9 10 12 13 7 8
0 1 2 4 5 6 7 9 10 12 13 7 8
0 1 6 7 9 10 12 13 7 8
0 1 2 3 5 6 7 9 11 12 13 7 8
0 1 2 4 5 6 7 9 11 12 13 7 8
0 1 6 7 9 11 12 13 7 8

0 1 2 3 5 6 7 9 10 12 13 7 9 11 12 13 7 8
0 1 2 4 5 6 7 9 10 12 13 7 9 11 12 13 7 8
0 1 6 7 9 10 12 13 7 9 11 12 13 7 8
0 1 2 3 5 6 7 9 11 12 13 7 9 10 12 13 7 8
0 1 2 4 5 6 7 9 11 12 13 7 9 10 12 13 7 8
0 1 6 7 9 11 12 13 7 9 10 12 13 7 8